127.896
233
3.017
8
90
1
0
1330
686
3.017
8
90
1
0
1334
568
3.017
8
90
1
0
1336
450
3.017
8
90
1
0
1336
328
3.017
8
270
1
0
1340
42
3.017
8
270
1
0
1476
38
3.017
8
270
1
0
1474
162
3.017
8
450
1
0
1474
450
3.017
8
450
1
0
1470
574
3.017
8
450
1
0
1468
696
3.45901
8
450
1
0
1470
704
3.45901
8
450
1
0
1474
576
3.45901
8
270
1
0
1492
32
3.45901
8
270
1
0
1490
150
3.45901
8
270
1
0
1488
276
3.95201
8
270
1
0
1490
30
3.95201
8
270
1
0
1488
144
3.95201
8
450
1
0
1486
444
3.95201
8
450
1
0
1486
566
3.95201
8
450
1
0
1486
682
4.42802
8
450
1
0
1494
688
4.42802
8
450
1
0
1498
566
4.42802
8
270
1
0
1504
274
4.42802
8
270
1
0
1504
154
4.42802
8
270
1
0
1504
34
4.98902
8
270
1
0
1488
32
4.98902
8
270
1
0
1490
150
4.98902
8
270
1
0
1486
264
4.98902
8
270
1
0
1490
388
4.98902
8
90
1
0
1490
686
7.57305
4
0
4
0
1402
626
1
696
534
1
692
246
0
1116
240
7.57305
4
360
4
0
1402
94
1
696
186
1
692
474
0
1116
480
10.8966
4
0
4
0
1402
626
1
696
534
1
692
246
0
1116
240
11.2536
4
360
4
0
1402
94
1
696
186
1
692
474
0
1116
480
12.3331
4
0
4
0
1402
626
1
696
534
1
692
246
0
1116
240
13.0811
4
360
4
0
1402
94
1
696
186
1
692
474
0
1116
480
17.076
5
0
6
0
480
776
0
474
428
1
884
416
0
870
574
1
884
212
0
1142
206
17.7135
5
0
6
0
480
776
0
474
428
1
884
416
0
870
574
1
884
212
0
1142
206
18.1639
5
0
6
0
480
776
0
474
428
1
884
416
0
870
574
1
884
212
0
1142
206
18.7589
5
0
6
0
480
776
0
474
428
1
884
416
0
870
574
1
884
212
0
1142
206
19.3453
5
360
6
0
480
-56
0
474
292
1
884
304
0
870
146
1
884
508
0
1142
514
19.9658
5
360
6
0
480
-56
0
474
292
1
884
304
0
870
146
1
884
508
0
1142
514
20.4587
5
360
6
0
480
-56
0
474
292
1
884
304
0
870
146
1
884
508
0
1142
514
24.9378
8
-90
1
0
1320
354
24.9378
8
-120
1
0
1348
456
24.9378
8
-150
1
0
1434
536
24.9378
8
-180
1
0
1546
566
24.9378
8
-210
1
0
1660
532
24.9378
8
-240
1
0
1744
448
24.9378
8
-270
1
0
1774
338
24.9378
8
-300
1
0
1744
226
24.9378
8
-330
1
0
1670
146
24.9378
8
-360
1
0
1552
118
24.9378
8
-390
1
0
1430
154
24.9378
8
-420
1
0
1350
232
26.9605
8
-420
1
0
1296
704
26.9605
8
-390
1
0
1378
614
26.9605
8
-360
1
0
1498
578
26.9605
8
-330
1
0
1610
604
26.9605
8
-300
1
0
1696
684
26.9605
8
-450
1
0
1308
18
26.9605
8
-480
1
0
1338
126
26.9605
8
-510
1
0
1422
202
26.9605
8
-540
1
0
1532
230
26.9605
8
-570
1
0
1648
196
26.9605
8
-600
1
0
1730
112
26.9605
8
-630
1
0
1762
2
27.3345
4
0
3
0
1538
490
1
910
230
0
612
240
27.3345
4
360
3
0
1538
230
1
910
490
0
612
480
28.9578
4
0
3
0
1538
490
1
910
230
0
612
240
28.9578
4
360
3
0
1538
230
1
910
490
0
612
480
30.2582
4
0
3
0
1538
490
1
910
230
0
612
240
30.2582
4
360
3
0
1538
230
1
910
490
0
612
480
31.6351
5
0
5
0
1082
810
0
764
672
0
584
488
0
562
282
0
662
4
32.264
5
0
5
0
1082
810
0
764
672
0
584
488
0
562
282
0
662
4
32.9439
5
0
5
0
1082
810
0
764
672
0
584
488
0
562
282
0
662
4
36.7431
5
0
7
0
626
770
1
934
538
0
468
382
0
1026
452
0
634
160
0
708
342
0
1120
364
37.321
5
0
7
0
626
770
1
934
538
0
468
382
0
1026
452
0
634
160
0
708
342
0
1120
364
37.8395
5
0
7
0
626
770
1
934
538
0
468
382
0
1026
452
0
634
160
0
708
342
0
1120
364
40.4657
5
360
7
0
626
-50
1
934
182
0
468
338
0
1026
268
0
634
560
0
708
378
0
1120
356
41.0266
5
360
7
0
626
-50
1
934
182
0
468
338
0
1026
268
0
634
560
0
708
378
0
1120
356
41.5706
5
360
7
0
626
-50
1
934
182
0
468
338
0
1026
268
0
634
560
0
708
378
0
1120
356
43.1854
4
0
8
0
1430
542
0
1130
568
1
918
516
0
816
354
1
682
124
0
522
280
1
444
500
0
210
502
43.4149
4
360
8
0
1430
178
0
1130
152
1
918
204
0
816
366
1
682
596
0
522
440
1
444
220
0
210
218
44.0778
4
0
8
0
1430
542
0
1130
568
1
918
516
0
816
354
1
682
124
0
522
280
1
444
500
0
210
502
44.3923
4
360
8
0
1430
178
0
1130
152
1
918
204
0
816
366
1
682
596
0
522
440
1
444
220
0
210
218
46.9845
8
-90
1
0
1338
510
46.9845
8
-180
1
0
1414
564
46.9845
8
-270
1
0
1470
504
46.9845
8
-360
1
0
1398
450
46.9845
8
-360
1
0
1508
350
46.9845
8
-450
1
0
1572
290
46.9845
8
-540
1
0
1518
230
46.9845
8
-630
1
0
1458
286
46.9845
8
-630
1
0
1552
70
46.9845
8
-720
1
0
1608
130
46.9845
8
-810
1
0
1668
74
46.9845
8
-900
1
0
1612
18
46.9845
8
-630
1
0
1560
710
46.9845
8
-540
1
0
1630
660
46.9845
8
-450
1
0
1678
716
46.9845
8
-450
1
0
1680
506
46.9845
8
-540
1
0
1748
560
46.9845
8
-630
1
0
1804
492
46.9845
8
-630
1
0
1802
488
47.2565
8
-630
1
0
1724
490
47.2565
8
-720
1
0
1658
434
47.6305
8
-720
1
0
1664
314
47.6305
8
-810
1
0
1722
258
47.6305
8
-900
1
0
1666
192
47.6305
8
-990
1
0
1610
250
48.3784
8
-810
1
0
1502
-10
48.3784
8
-900
1
0
1574
46
48.3784
8
-990
1
0
1634
-24
48.3784
4
0
5
0
1486
636
1
1012
602
1
778
456
1
782
228
0
988
100
51.6931
4
360
5
0
1486
84
1
1012
118
1
778
264
1
782
492
0
988
620
55.1267
5
0
1
1
1420
662
55.1267
5
0
1
1
1354
592
55.1267
5
0
1
1
1352
500
55.1267
5
0
1
1
1420
432
56.2231
5
0
1
1
1412
298
56.2231
5
0
1
1
1332
236
56.2231
5
0
1
1
1330
130
56.2231
5
0
1
1
1412
66
57.022
4
0
4
0
1450
568
1
806
570
1
792
164
0
1482
168
58.2714
4
0
4
0
1450
568
1
806
570
1
792
164
0
1482
168
59.2743
5
0
2
0
1380
318
1
768
312
59.2743
5
0
2
0
1320
228
1
704
218
59.2743
5
0
2
0
1324
108
1
700
120
59.2743
5
0
2
0
1392
50
1
788
42
64.1018
5
0
2
0
1376
644
1
992
644
64.1018
5
360
2
0
1376
76
1
992
76
64.1018
5
0
2
0
1494
568
1
1096
574
64.1018
5
360
2
0
1494
152
1
1096
146
64.1018
5
0
2
0
1618
492
1
1212
494
64.1018
5
360
2
0
1618
228
1
1212
226
66.2266
6
0
2
0
1518
384
0
1000
374
70.7651
4
0
2
0
678
-60
0
692
372
71.2836
4
0
2
0
678
-60
0
692
372
71.717
4
0
2
0
678
-60
0
692
372
72.142
4
0
2
0
678
-60
0
692
372
72.431
4
0
4
0
1400
560
1
826
580
0
834
132
0
1164
124
75.4992
5
0
3
0
658
-58
1
678
318
0
916
330
75.9071
5
0
3
0
658
-58
1
678
318
0
916
330
76.3576
5
0
3
0
658
-58
1
678
318
0
916
330
78.1764
5
0
7
0
654
790
1
658
578
0
476
374
0
926
636
0
606
292
0
808
202
0
952
390
78.7458
5
0
7
0
654
790
1
658
578
0
476
374
0
926
636
0
606
292
0
808
202
0
952
390
79.1623
5
0
7
0
654
790
1
658
578
0
476
374
0
926
636
0
606
292
0
808
202
0
952
390
81.2361
4
0
4
0
626
-84
0
606
116
1
832
124
0
828
272
83.3269
4
0
4
0
626
-84
0
606
116
1
832
124
0
828
272
85.6556
5
0
1
0
1394
676
85.6556
5
0
1
0
1330
612
85.6556
5
0
1
0
1328
528
85.6556
5
0
1
0
1420
466
85.6556
4
0
2
0
1476
580
1
810
572
90.5852
5
0
7
0
-90
658
0
122
656
0
364
638
1
612
556
0
852
426
0
846
218
0
768
88
91.3756
5
360
7
0
-90
62
0
122
64
0
364
82
1
612
164
0
852
294
0
846
502
0
768
632
92.047
5
0
7
0
-90
658
0
122
656
0
364
638
1
612
556
0
852
426
0
846
218
0
768
88
92.7694
5
360
7
0
-90
62
0
122
64
0
364
82
1
612
164
0
852
294
0
846
502
0
768
632
93.4834
5
0
7
0
-90
658
0
122
656
0
364
638
1
612
556
0
852
426
0
846
218
0
768
88
94.2568
5
360
7
0
-90
62
0
122
64
0
364
82
1
612
164
0
852
294
0
846
502
0
768
632
95.9906
8
105
1
0
1304
678
95.9906
8
105
1
0
1338
562
95.9906
8
105
1
0
1372
456
95.9906
8
105
1
0
1402
346
95.9906
8
180
1
0
1482
292
95.9906
8
180
1
0
1600
292
95.9906
8
180
1
0
1724
294
95.9906
4
0
2
0
1360
74
1
910
70
95.9906
4
0
2
0
1352
200
1
806
182
96.764
8
180
1
0
1618
294
96.764
8
180
1
0
1742
294
97.7159
8
180
1
0
1574
296
98.0814
8
225
1
0
1568
342
98.3024
8
225
1
0
1588
426
98.3024
8
225
1
0
1672
512
98.3024
8
180
1
0
1778
550
98.3024
4
0
2
0
1422
506
1
1110
192
99.6962
4
0
4
0
1406
132
0
802
88
0
806
470
0
1236
462
100.096
8
180
1
0
1360
548
100.096
8
180
1
0
1480
546
100.096
8
180
1
0
1604
544
100.096
8
225
1
0
1708
588
100.096
8
225
1
0
1792
672
100.453
8
225
1
0
1688
672
101.456
8
225
1
0
1476
756
102.824
5
0
9
0
1390
636
0
1038
658
1
718
540
0
712
422
0
862
334
1
1032
326
0
1122
216
0
1064
94
0
604
96
103.708
5
0
9
0
1390
636
0
1038
658
1
718
540
0
712
422
0
862
334
1
1032
326
0
1122
216
0
1064
94
0
604
96
104.456
5
0
9
0
1390
636
0
1038
658
1
718
540
0
712
422
0
862
334
1
1032
326
0
1122
216
0
1064
94
0
604
96
105.34
5
0
9
0
1390
636
0
1038
658
1
718
540
0
712
422
0
862
334
1
1032
326
0
1122
216
0
1064
94
0
604
96
107.447
4
0
6
0
1396
626
0
980
638
1
692
464
0
1012
336
1
716
192
0
1392
96
108.28
4
0
6
0
1396
626
0
980
638
1
692
464
0
1012
336
1
716
192
0
1392
96
108.935
4
360
6
0
1396
94
0
980
82
1
692
256
0
1012
384
1
716
528
0
1392
624
109.793
4
360
6
0
1396
94
0
980
82
1
692
256
0
1012
384
1
716
528
0
1392
624
112.87
4
0
3
0
918
-102
1
702
338
0
384
-72
112.87
4
360
3
0
918
822
1
702
382
0
384
792
118.284
5
0
1
0
1310
478
118.284
5
0
1
0
1372
554
118.284
5
0
1
0
1440
622
118.284
5
0
1
0
1512
556
118.284
5
0
1
0
1556
488
118.284
5
0
1
0
1486
412
118.284
5
0
1
0
1426
350
118.284
5
0
1
0
1500
302
118.284
5
0
1
0
1568
218
118.284
5
0
1
0
1510
152
118.284
5
0
1
0
1442
92
118.284
5
0
1
0
1358
170
118.284
5
0
1
0
1310
244
120.179
5
0
1
0
1324
448
120.179
5
0
1
0
1378
522
120.179
5
0
1
0
1444
592
120.179
5
0
1
0
1508
524
120.179
5
0
1
0
1560
446
120.179
5
0
1
0
1492
370
120.179
5
0
1
0
1432
310
120.179
5
0
1
0
1374
228
120.179
5
0
1
0
1324
144
120.179
5
0
1
0
1430
150
120.179
5
0
1
0
1518
152
120.179
5
0
1
0
1576
152
122.304
5
0
1
0
1384
574
122.304
5
0
1
0
1380
488
122.304
5
0
1
0
1396
400
122.304
5
0
1
0
1396
318
122.304
5
0
1
0
1392
242
122.304
5
0
1
0
1392
164
124.106
4
0
1
0
1340
374
124.106
4
0
1
0
1430
522
124.106
4
360
1
0
1430
198
124.106
4
0
1
0
1578
652
124.106
4
360
1
0
1578
68
124.828
7
0
2
0
1610
410
0
948
400
