133.285
182
3.017
0
0
3
0
682
778
1
668
366
0
1420
350
3.81601
0
0
3
0
682
778
1
668
366
0
1420
350
4.60652
0
0
3
0
682
778
1
668
366
0
1420
350
5.97503
0
0
3
0
682
-58
1
668
354
0
1420
370
6.80804
0
0
3
0
682
-58
1
668
354
0
1420
370
7.55605
0
0
3
0
682
-58
1
668
354
0
1420
370
9.68108
1
0
5
0
1106
762
0
914
634
1
670
362
0
858
112
0
1156
-74
10.2676
1
0
5
0
1106
762
0
914
634
1
670
362
0
858
112
0
1156
-74
10.8201
1
0
5
0
1106
762
0
914
634
1
670
362
0
858
112
0
1156
-74
11.4321
1
0
5
0
1106
762
0
914
634
1
670
362
0
858
112
0
1156
-74
14.3051
1
0
5
0
1106
-42
0
914
86
1
670
358
0
858
608
0
1156
794
14.9426
1
0
5
0
1106
-42
0
914
86
1
670
358
0
858
608
0
1156
794
15.6056
1
0
5
0
1106
-42
0
914
86
1
670
358
0
858
608
0
1156
794
16.2261
1
0
5
0
1106
-42
0
914
86
1
670
358
0
858
608
0
1156
794
19.3542
8
-45
1
0
1314
694
19.3542
8
405
1
0
1314
26
19.3542
8
-45
1
0
1402
612
19.3542
8
405
1
0
1402
108
19.3542
8
-45
1
0
1484
536
19.3542
8
405
1
0
1484
184
19.3542
8
0
1
0
1588
486
19.3542
8
360
1
0
1588
234
19.3542
8
0
1
0
1710
486
19.3542
8
360
1
0
1710
234
20.1446
0
0
2
0
1406
414
1
822
404
20.1446
0
360
2
0
1406
306
1
822
316
20.697
8
0
1
0
1426
484
20.697
8
360
1
0
1426
236
20.697
8
0
1
0
1542
484
20.697
8
360
1
0
1542
236
20.697
8
0
1
0
1662
484
20.697
8
360
1
0
1662
236
21.6744
8
45
1
0
1476
522
21.6744
8
315
1
0
1476
198
21.6744
8
45
1
0
1562
604
21.6744
8
315
1
0
1562
116
21.6744
8
45
1
0
1646
690
21.6744
8
315
1
0
1646
30
21.6744
1
0
3
0
554
-72
0
568
336
0
558
-66
21.6744
1
360
3
0
554
792
0
568
384
0
558
786
22.5159
1
0
3
0
554
-72
0
568
336
0
558
-66
22.5159
1
360
3
0
554
792
0
568
384
0
558
786
23.2978
1
0
3
0
554
-72
0
568
336
0
558
-66
23.3658
1
360
3
0
554
792
0
568
384
0
558
786
25.7285
0
0
2
0
1364
570
1
708
554
25.7285
0
0
3
0
650
780
0
644
314
0
652
784
26.366
0
0
3
0
650
780
0
644
314
0
652
784
27.0289
0
0
3
0
650
780
0
644
314
0
652
784
29.5277
0
0
2
0
1370
166
0
722
170
29.5277
1
0
9
0
754
-102
0
650
90
0
666
274
0
768
304
0
886
238
0
872
94
0
648
70
0
616
174
0
652
314
30.1141
1
0
9
0
754
-102
0
650
90
0
666
274
0
768
304
0
886
238
0
872
94
0
648
70
0
616
174
0
652
314
30.6325
1
0
9
0
754
-102
0
650
90
0
666
274
0
768
304
0
886
238
0
872
94
0
648
70
0
616
174
0
652
314
31.1765
1
0
9
0
754
-102
0
650
90
0
666
274
0
768
304
0
886
238
0
872
94
0
648
70
0
616
174
0
652
314
34.1852
0
0
3
0
1370
606
1
724
620
0
1370
620
35.0011
0
0
3
0
1340
480
1
726
488
0
1350
488
35.4941
0
0
3
0
1370
364
1
726
362
0
1352
364
36.1655
0
0
3
0
1360
224
1
730
232
0
1362
222
36.8029
0
0
3
0
1380
82
1
746
78
0
1380
74
40.4236
0
0
2
0
1356
362
1
736
360
41.112
0
0
2
0
1340
484
1
732
480
41.112
0
360
2
0
1340
236
1
732
240
42.0299
0
0
2
0
1338
598
1
728
602
42.0299
0
360
2
0
1338
122
1
728
118
45.7015
1
0
10
0
1376
532
0
1130
554
0
976
522
0
878
416
0
750
244
0
496
230
0
424
356
0
324
478
0
162
498
0
44
450
45.8375
1
360
10
0
1376
188
0
1130
166
0
976
198
0
878
304
0
750
476
0
496
490
0
424
364
0
324
242
0
162
222
0
44
270
45.9735
1
0
10
0
1376
532
0
1130
554
0
976
522
0
878
416
0
750
244
0
496
230
0
424
356
0
324
478
0
162
498
0
44
450
46.1435
1
360
10
0
1376
188
0
1130
166
0
976
198
0
878
304
0
750
476
0
496
490
0
424
364
0
324
242
0
162
222
0
44
270
46.373
1
0
10
0
1376
532
0
1130
554
0
976
522
0
878
416
0
750
244
0
496
230
0
424
356
0
324
478
0
162
498
0
44
450
46.7384
1
360
10
0
1376
188
0
1130
166
0
976
198
0
878
304
0
750
476
0
496
490
0
424
364
0
324
242
0
162
222
0
44
270
47.2144
1
0
10
0
1376
532
0
1130
554
0
976
522
0
878
416
0
750
244
0
496
230
0
424
356
0
324
478
0
162
498
0
44
450
47.6563
1
360
10
0
1376
188
0
1130
166
0
976
198
0
878
304
0
750
476
0
496
490
0
424
364
0
324
242
0
162
222
0
44
270
48.1578
1
0
10
0
1376
532
0
1130
554
0
976
522
0
878
416
0
750
244
0
496
230
0
424
356
0
324
478
0
162
498
0
44
450
48.6422
1
360
10
0
1376
188
0
1130
166
0
976
198
0
878
304
0
750
476
0
496
490
0
424
364
0
324
242
0
162
222
0
44
270
52.9938
0
0
2
0
1346
620
1
738
614
52.9938
0
360
2
0
1346
100
1
738
106
53.6482
0
0
2
0
1360
510
1
724
484
53.6482
0
360
2
0
1360
210
1
724
236
54.2347
0
0
2
0
1376
364
1
734
358
56.4529
1
0
1
0
1430
622
56.4529
1
0
1
0
1344
590
56.4529
1
0
1
0
1302
518
56.4529
1
0
1
0
1336
446
56.4529
1
0
1
0
1424
398
56.4359
0
0
2
0
1436
516
1
712
528
59.2662
1
0
1
0
1448
464
59.2662
1
0
1
0
1376
420
59.2662
1
0
1
0
1324
356
59.2662
1
0
1
0
1374
294
59.2662
1
0
1
0
1452
246
59.2662
0
0
2
0
1488
358
1
754
350
61.9264
0
0
1
0
1528
558
61.9264
0
0
1
0
1420
480
61.9264
0
0
1
0
1326
376
61.9264
0
0
1
0
1418
274
61.9264
0
0
1
0
1546
172
61.9264
2
0
2
0
1578
386
0
1074
380
67.3829
8
90
1
0
1336
680
67.3829
8
90
1
0
1338
558
67.3829
8
90
1
0
1338
438
67.3829
8
90
1
0
1340
322
68.1478
8
-90
1
0
1366
18
68.1478
8
-90
1
0
1366
130
68.1478
8
-90
1
0
1364
240
68.1478
8
-90
1
0
1362
358
69.6861
0
0
6
0
1374
610
0
1128
616
1
1056
384
0
932
56
0
656
50
0
660
380
71.5219
0
360
6
0
1374
110
0
1128
104
1
1056
336
0
932
664
0
656
670
0
660
340
73.7487
0
0
6
0
1374
610
0
1128
616
1
1056
384
0
932
56
0
656
50
0
660
380
77.0804
1
0
10
0
1386
-94
0
962
32
0
704
190
0
632
358
0
688
512
0
870
626
0
1042
612
0
1166
476
1
1136
362
0
1550
316
77.9558
1
0
10
0
1386
-94
0
962
32
0
704
190
0
632
358
0
688
512
0
870
626
0
1042
612
0
1166
476
1
1136
362
0
1550
316
78.7802
1
0
10
0
1386
-94
0
962
32
0
704
190
0
632
358
0
688
512
0
870
626
0
1042
612
0
1166
476
1
1136
362
0
1550
316
79.6216
1
0
10
0
1386
-94
0
962
32
0
704
190
0
632
358
0
688
512
0
870
626
0
1042
612
0
1166
476
1
1136
362
0
1550
316
80.446
1
0
10
0
1386
-94
0
962
32
0
704
190
0
632
358
0
688
512
0
870
626
0
1042
612
0
1166
476
1
1136
362
0
1550
316
84.5001
0
0
1
0
1370
228
84.5001
0
0
1
0
1366
140
84.5001
0
0
1
0
1368
52
85.6645
1
0
2
0
1450
152
1
782
164
88.3417
8
-90
1
0
1334
340
88.3417
8
-45
1
0
1374
232
88.3417
8
0
1
0
1476
186
88.3417
8
45
1
0
1576
222
88.3417
8
90
1
0
1620
324
88.3417
8
135
1
0
1584
422
88.3417
8
180
1
0
1478
472
88.3417
8
225
1
0
1372
436
89.6506
8
270
1
0
1352
534
89.6506
8
225
1
0
1396
628
89.6506
8
180
1
0
1490
668
89.6506
8
135
1
0
1594
622
89.6506
8
90
1
0
1634
522
89.6506
8
45
1
0
1594
426
89.6506
8
0
1
0
1496
386
89.6506
8
-45
1
0
1396
424
91.1635
8
-90
1
0
1352
178
91.1635
8
-45
1
0
1390
82
91.1635
8
0
1
0
1488
38
91.1635
8
45
1
0
1588
78
91.1635
8
90
1
0
1630
174
91.1635
8
135
1
0
1592
280
91.1635
8
180
1
0
1492
326
91.1635
8
225
1
0
1394
290
92.2853
0
0
2
0
1480
558
1
1172
574
93.6027
0
0
5
0
1428
102
0
1038
116
1
910
286
1
886
474
0
1064
660
96.9514
1
0
5
0
420
840
0
638
652
1
720
460
0
1002
372
0
1046
152
97.4868
1
0
5
0
420
840
0
638
652
1
720
460
0
1002
372
0
1046
152
97.9883
1
0
5
0
420
840
0
638
652
1
720
460
0
1002
372
0
1046
152
99.3821
1
360
5
0
420
-120
0
638
68
1
720
260
0
1002
348
0
1046
568
100.079
1
360
5
0
420
-120
0
638
68
1
720
260
0
1002
348
0
1046
568
100.793
1
360
5
0
420
-120
0
638
68
1
720
260
0
1002
348
0
1046
568
103.904
8
-90
1
0
1320
34
103.904
8
-90
1
0
1318
144
103.904
8
-90
1
0
1314
262
103.904
8
-90
1
0
1312
386
103.904
8
-180
1
0
1372
446
103.904
8
-180
1
0
1492
446
103.904
8
-180
1
0
1614
446
104.745
0
0
3
0
1356
620
1
940
620
0
950
294
105.17
8
-180
1
0
1358
448
105.17
8
-180
1
0
1480
448
105.17
8
-180
1
0
1598
448
105.17
8
-180
1
0
1720
446
105.17
8
-270
1
0
1778
384
105.17
8
-270
1
0
1776
266
105.17
8
-270
1
0
1778
144
105.17
8
-270
1
0
1778
20
105.969
0
0
3
0
1368
616
1
938
620
0
946
240
109.7
1
0
7
0
1378
610
0
1002
624
0
1020
92
1
760
92
0
790
578
1
520
582
0
536
52
110.711
1
0
7
0
1378
610
0
1002
624
0
1020
92
1
760
92
0
790
578
1
520
582
0
536
52
111.765
1
0
7
0
1378
610
0
1002
624
0
1020
92
1
760
92
0
790
578
1
520
582
0
536
52
112.751
1
360
7
0
1378
110
0
1002
96
0
1020
628
1
760
628
0
790
142
1
520
138
0
536
668
113.703
1
360
7
0
1378
110
0
1002
96
0
1020
628
1
760
628
0
790
142
1
520
138
0
536
668
114.621
1
360
7
0
1378
110
0
1002
96
0
1020
628
1
760
628
0
790
142
1
520
138
0
536
668
121.267
0
0
2
0
1348
366
1
902
362
121.267
0
0
2
0
1462
478
1
958
486
121.267
0
360
2
0
1462
242
1
958
234
121.267
0
0
2
0
1588
570
1
932
556
121.267
0
360
2
0
1588
150
1
932
164
123.766
1
0
2
0
1388
370
1
1002
366
123.851
1
0
2
0
1454
480
1
940
490
123.851
1
360
2
0
1454
240
1
940
230
123.851
1
0
2
0
1584
574
1
934
566
123.851
1
360
2
0
1584
146
1
934
154
127.217
3
0
2
0
1586
370
0
952
366
